-----------------------------------------V1 Greedy-----------------------------------------
----------------------------------------AVG = 545.2----------------------------------------
--> Hard 1:

481 0.00463
8 1 4 1 4 1 4 1 4 1 4 1 4 1 4 1 4 1 4 1 4 1 7 1 7 1 7 1 7 3 7 3 7 3 7 3 7 3 7 3 7 3 7 0 7 0 7 0 2 0 2 0 2 0 2 0 2 0 2 6 5 6 5 6 5 6 5 6 5 6 5 6 5 6 5 6 5 6 5 9 8 9 8 9 8 9 8 9 8 9 8 9 8 9 8 9 8 9 9 9

--> Hard 2:

605 0.002739
7 6 0 6 0 6 0 6 0 6 0 6 0 6 0 6 0 6 0 6 9 6 9 1 5 1 5 1 5 1 5 1 5 1 5 1 5 1 5 1 5 1 5 1 5 1 8 1 8 1 8 1 8 2 4 2 4 2 4 2 4 2 4 2 4 2 4 2 4 2 8 2 8 2 8 2 8 3 8 3 8 3 8 3 9 7 9 7 9 7 9 7 9 7 9 7 9 9 9 9

--> Hard 3:

286 0.003377
0 4 7 1 7 1 7 1 7 1 7 1 7 1 7 1 7 1 7 1 7 1 7 2 8 2 8 2 8 2 8 2 8 2 8 2 8 2 8 5 9 3 9 3 9 3 9 3 9 3 4 0 4 0 4 0 4 0 4 0 4 0 4 0 4 0 6 5 8 5 8 5 8 5 8 5 8 5 8 5 8 5 8 5 6 5 6 3 6 3 6 3 3 3 3 3 3 3 3 3

--> Hard 4:

396 0.002681
0 2 7 2 7 2 7 2 7 2 1 2 1 2 1 2 1 2 1 2 1 2 1 4 5 4 5 4 5 4 5 4 5 4 5 4 5 4 5 4 1 4 1 4 6 9 6 9 6 9 6 9 6 9 6 9 6 9 6 9 6 9 6 9 6 9 6 9 6 4 6 3 6 3 6 3 6 3 6 3 6 3 6 0 6 0 8 0 8 0 8 0 8 0 8 8 8 8 8 8

--> Hard 5:

1082 0.002831
1 2 5 2 5 2 5 2 5 2 5 6 5 6 5 6 5 6 5 6 5 6 5 6 5 6 5 6 5 6 4 6 4 6 4 6 4 6 4 6 4 3 0 9 0 9 0 9 0 9 0 9 0 9 0 3 0 3 0 3 0 3 4 3 4 3 4 3 4 8 1 8 1 8 1 8 1 8 1 8 1 8 1 8 1 7 1 7 1 7 1 7 7 7 7 7 7 7 7 7

--> Hard 6:

168 0.003708
9 0 1 0 1 0 1 0 1 0 1 0 1 3 1 3 1 3 1 3 1 3 1 3 1 3 4 3 4 3 4 3 4 3 4 3 4 3 4 7 4 7 4 7 4 7 2 6 2 6 2 6 2 6 2 6 2 6 2 6 2 6 2 6 5 7 5 7 5 7 5 6 5 6 5 6 5 9 5 9 5 9 5 9 5 9 8 9 8 9 8 9 8 9 8 9 8 9 8 9

--> Hard 7:

608 0.003141
5 7 5 7 5 7 5 7 5 7 5 7 5 7 5 7 5 1 4 1 4 1 4 1 4 1 4 1 4 1 4 1 4 0 2 0 2 0 2 0 2 0 2 0 2 0 2 0 2 0 2 0 2 0 2 0 3 6 3 6 3 6 3 6 3 6 3 6 3 6 3 6 3 6 3 0 3 0 4 8 4 8 5 9 5 9 5 9 5 9 5 9 8 9 8 9 8 9 8 9

--> Hard 8:

442 0.002979
9 2 6 2 6 2 6 2 6 2 6 2 6 2 6 2 6 2 0 2 0 2 0 2 0 2 0 2 0 4 0 4 0 4 0 4 0 4 0 4 0 4 0 4 1 3 8 3 8 3 8 3 8 3 8 3 8 3 8 3 8 3 1 5 1 5 1 5 1 5 1 5 1 5 1 5 1 5 7 5 7 5 7 5 7 5 7 5 7 5 7 5 7 9 7 9 7 9 9 9

--> Hard 9:

839 0.003257
4 8 3 1 3 1 3 1 3 1 3 1 3 1 3 1 3 1 3 1 0 6 0 6 0 6 0 6 0 6 0 6 8 4 8 4 8 4 8 4 8 4 8 4 8 4 1 4 1 4 1 4 1 4 1 4 1 9 5 9 5 9 5 9 5 9 5 9 6 2 6 2 7 2 7 2 7 2 7 2 7 2 7 2 7 2 7 2 7 2 7 2 9 9 9 9 9 9 9 9

-----------------------------------------V2 Greedy-----------------------------------------
----------------------------------------AVG = 418.4----------------------------------------
--> Hard 1:

553 0.003472
8 1 0 7 3 9 1 0 0 7 0 1 0 0 0 1 0 1 7 1 7 1 9 7 1 1 4 7 1 6 1 7 1 9 1 7 1 7 6 9 7 7 3 9 7 3 6 2 7 6 9 3 9 3 2 6 9 3 9 6 2 9 3 2 9 6 6 9 2 6 8 2 6 4 8 5 8 4 5 4 8 4 5 4 5 8 4 8 4 5 8 4 8 5 8 4 5 5 5 5

--> Hard 2:

496 0.002738
7 6 9 0 6 9 9 4 9 9 2 9 9 4 9 9 2 9 9 4 9 4 2 6 2 4 5 4 2 4 2 4 5 8 2 2 2 5 7 6 5 2 2 7 2 5 6 8 5 7 7 5 7 5 6 6 7 5 5 5 8 6 8 0 6 8 0 6 8 6 0 3 8 8 8 3 8 8 0 1 0 3 1 0 1 0 3 0 1 1 1 1 1 1 1 1 1 1 1 1

--> Hard 3:

217 0.003038
0 4 7 1 9 2 8 5 2 4 2 7 0 2 4 2 0 4 2 7 2 0 4 2 7 4 0 4 7 4 0 4 3 0 7 0 7 3 1 0 7 7 1 7 3 7 3 9 3 9 1 3 9 3 9 3 1 5 1 3 3 8 3 8 1 3 5 3 8 3 1 3 5 3 8 1 1 5 8 5 6 5 8 5 5 6 5 6 8 5 6 6 8 8 8 8 8 8 8 8

--> Hard 4:

356 0.005578
0 2 3 7 2 3 2 2 3 2 2 3 2 7 3 2 2 3 2 2 7 7 6 6 0 6 6 5 6 0 6 6 5 6 6 0 6 0 6 6 6 6 5 0 6 0 6 6 6 6 5 6 5 6 9 4 5 4 5 5 4 1 1 9 1 4 1 4 1 4 9 1 1 4 8 9 1 4 9 4 1 8 4 4 8 4 8 9 9 9 8 9 8 8 9 8 9 9 8 8

--> Hard 5:
569 0.003011
1 2 5 6 5 2 4 2 5 6 5 2 0 5 0 2 0 5 0 8 9 0 6 8 0 5 0 9 0 5 0 6 5 0 5 6 8 7 5 5 8 7 5 6 6 1 7 5 9 8 9 6 7 8 1 8 6 8 6 7 1 7 9 4 6 6 1 7 6 9 7 4 6 1 7 6 7 7 1 1 7 4 1 4 1 1 1 4 3 4 3 4 3 4 3 4 3 3 3 3

--> Hard 6:
260 0.003073
9 0 4 8 3 1 8 3 3 8 8 3 8 8 3 8 3 9 3 3 3 3 9 3 3 3 9 9 2 9 2 9 9 0 9 9 9 9 4 6 9 5 4 2 6 2 2 6 2 6 2 6 6 5 2 2 6 6 5 7 4 6 5 6 6 7 5 4 6 7 5 4 5 4 7 4 5 5 4 1 5 7 1 7 5 0 4 7 1 0 1 0 1 0 1 1 1 1 1 1

--> Hard 7:
392 0.003556
5 7 1 4 9 7 8 5 1 7 5 4 7 5 5 4 4 5 4 7 5 5 5 8 5 4 4 5 5 5 4 5 6 4 4 1 8 7 1 8 2 7 8 0 6 8 2 0 2 6 0 7 6 2 0 6 2 0 3 6 2 3 1 3 0 6 2 0 2 6 0 0 6 2 2 0 1 2 0 3 0 1 1 3 0 0 3 3 3 9 9 3 9 3 3 9 9 9 9 9

--> Hard 8:
392 0.002693
9 2 0 6 3 2 7 0 7 6 2 3 7 7 7 6 3 2 7 7 7 6 3 3 7 7 2 6 6 2 3 6 2 3 3 8 6 3 0 2 1 2 0 1 2 2 0 2 1 2 2 0 1 1 0 4 1 8 1 4 8 0 1 4 0 8 1 5 0 8 5 8 0 8 8 5 4 0 0 9 5 4 9 5 4 4 5 9 5 4 9 5 5 5 9 5 5 5 5 5

--> Hard 9:
531 0.002978
4 8 1 3 8 2 8 2 8 6 2 8 2 8 8 2 8 2 2 2 2 9 2 2 2 3 3 3 9 9 3 9 9 9 0 9 0 9 3 9 9 1 9 3 9 3 9 3 9 1 1 1 1 0 1 0 1 0 0 6 7 5 6 6 5 7 6 7 4 5 4 7 1 4 1 4 7 4 7 5 4 1 1 1 1 1 4 5 7 4 6 7 7 6 7 6 4 4 4 4


-----------------------------------------V3 Greedy-----------------------------------------
----------------------------------------AVG = 319.9----------------------------------------
--> Hard 1:
301 0
8 1 0 7 3 1 9 7 3 1 5 3 7 0 1 4 0 1 7 3 9 1 3 7 0 4 1 3 9 3 0 1 7 0 1 4 7 1 7 1 4 0 1 0 7 9 1 4 7 1 4 7 2 7 9 6 5 7 9 6 5 9 2 9 5 6 9 2 5 6 9 2 9 5 6 9 5 2 8 5 6 2 4 8 5 6 5 6 4 4 6 4 8 6 8 8 8 8 8 8

--> Hard 2:
177 0.015625
7 6 9 0 6 8 0 6 9 1 0 6 4 0 6 9 0 6 2 1 0 6 6 0 4 9 0 6 7 6 0 6 2 9 4 1 5 9 3 8 1 2 4 9 1 8 4 9 2 4 8 1 9 5 7 9 1 4 9 5 1 8 2 9 4 3 8 1 5 1 7 8 1 5 2 1 8 3 1 8 3 2 1 7 8 5 1 8 7 2 5 7 5 2 2 5 2 5 2 5

--> Hard 3:
269 0
0 4 7 1 9 5 8 4 7 9 8 3 4 7 9 5 1 8 7 4 9 5 7 1 8 4 7 9 5 1 8 7 4 2 7 1 5 8 7 4 0 5 7 8 2 1 4 7 5 8 1 5 4 6 5 1 8 2 5 1 8 5 0 2 6 1 3 8 2 0 3 8 2 8 0 2 6 3 8 2 3 0 8 6 3 8 0 3 6 3 0 3 3 0 3 3 3 3 3 3

--> Hard 4:
236 0
0 2 3 7 6 9 1 4 6 5 2 6 7 1 4 6 5 6 2 1 6 9 4 6 7 3 2 6 1 9 6 7 2 5 6 4 1 6 9 6 2 1 4 6 5 6 3 1 2 9 6 4 5 6 6 1 4 6 9 2 6 1 3 6 5 2 9 6 4 5 2 3 4 5 9 2 4 3 9 4 9 4 9 8 9 0 8 0 8 0 8 0 8 0 8 0 8 8 8 8

--> Hard 5:
678 0.03125
1 2 5 6 5 2 4 2 5 6 9 2 5 5 2 6 5 1 5 6 5 0 9 5 6 1 5 9 6 5 0 6 5 4 9 5 6 1 5 9 6 0 4 9 6 1 6 8 4 6 1 6 0 3 6 4 8 6 1 0 4 3 8 0 4 8 3 0 4 8 1 0 3 4 8 1 0 8 4 3 0 3 1 8 1 3 1 3 7 7 7 7 7 7 7 7 7 7 7 7

--> Hard 6:
168 0
9 0 4 1 3 5 4 7 2 1 8 4 0 1 3 5 1 0 4 5 7 1 4 3 1 0 4 5 7 1 8 4 1 3 0 2 1 5 4 7 4 3 1 4 5 0 1 7 2 1 3 5 8 7 5 6 2 5 7 6 2 3 5 5 8 6 2 3 2 6 8 2 3 6 2 3 8 6 8 3 6 9 3 6 3 9 6 6 9 6 9 6 9 9 9 9 9 9 9 9

--> Hard 7:
336 0
5 7 1 4 9 7 8 6 3 4 7 0 1 2 4 8 7 4 1 8 6 0 4 3 7 4 6 8 4 0 2 6 4 5 7 8 1 4 7 6 8 4 0 2 6 3 1 7 0 3 2 6 0 6 9 3 1 2 6 5 9 0 2 3 0 1 2 3 1 5 9 0 2 3 0 9 3 2 0 3 9 2 0 3 2 9 5 9 0 9 5 0 5 5 5 5 5 5 5 5

--> Hard 8:
240 0.015625
9 2 0 6 3 2 0 7 2 3 6 5 0 8 4 3 6 0 2 5 3 8 6 0 2 3 5 0 2 6 0 3 7 5 6 2 0 3 5 8 0 4 2 6 3 0 2 6 5 3 0 8 0 2 5 7 0 2 4 5 7 2 5 1 5 2 4 5 8 5 1 2 5 8 5 4 7 5 9 8 8 4 1 7 9 4 7 1 4 7 9 1 7 9 1 7 1 9 1 1

--> Hard 9:
474 0
4 8 1 3 8 9 8 3 8 6 0 2 8 3 8 3 8 9 0 3 8 9 0 1 3 3 1 0 2 0 9 0 3 1 3 9 1 9 6 2 1 4 2 1 9 5 4 2 9 1 4 2 1 9 1 4 9 5 2 9 1 4 1 2 9 4 1 9 1 2 4 1 9 5 2 4 7 2 5 4 2 4 7 5 4 7 6 4 7 6 7 6 7 6 7 6 7 6 7 7


-----------------------------------------V4 Greedy-----------------------------------------
----------------------------------------AVG = 155.5----------------------------------------

--> Hard 1:
236 0.004347
8 1 0 1 7 4 1 7 0 1 7 9 1 3 0 5 7 1 3 4 0 1 3 7 9 1 0 4 7 1 3 1 9 0 1 3 4 7 0 7 1 3 9 0 7 1 1 5 9 2 4 6 5 9 2 6 9 5 9 2 8 6 7 9 5 2 5 6 7 9 2 4 5 6 7 5 9 6 2 3 4 6 4 8 6 4 5 6 4 5 6 7 8 8 8 8 8 8 8 9

--> Hard 2:
91 0.004022
7 9 1 5 6 0 6 0 8 6 0 1 9 6 0 4 9 6 0 1 6 0 6 0 1 2 4 0 5 8 6 0 1 2 1 2 1 5 8 9 1 2 8 9 1 5 8 9 1 4 2 7 8 9 1 4 5 9 1 2 3 4 8 9 1 2 5 4 6 9 8 1 7 4 6 2 5 8 9 1 2 5 7 2 3 5 7 2 3 5 7 8 2 3 4 5 6 7 8 9

--> Hard 3:
39 0.005083
0 7 1 3 8 5 7 8 1 4 5 8 3 5 7 8 0 1 2 4 5 7 8 0 1 2 3 3 4 5 7 8 8 0 1 2 3 4 5 7 8 0 1 2 3 3 4 5 8 6 7 9 8 0 1 2 3 4 5 8 6 7 9 3 8 0 1 2 3 4 5 8 6 7 8 9 3 0 1 2 3 4 5 6 7 8 9 0 1 2 3 3 3 3 4 5 6 7 8 9

--> Hard 4:
39 0.003566
0 2 6 9 1 4 6 9 2 6 1 4 6 5 6 4 1 2 6 6 9 2 6 4 6 9 6 2 6 4 6 6 9 4 5 6 6 8 9 8 0 1 2 3 4 5 6 8 9 0 1 2 3 4 5 6 8 9 0 1 2 3 4 5 6 7 8 9 0 1 2 3 4 5 6 7 8 8 9 0 1 2 3 4 5 6 7 8 9 0 1 2 3 4 5 6 7 8 8 9

--> Hard 5:
324 0.003485
1 5 6 5 0 4 6 5 6 5 5 6 0 1 4 5 6 6 0 1 1 3 6 4 5 6 8 0 1 3 4 5 6 8 0 1 3 4 5 6 8 9 0 2 4 1 3 5 6 9 0 2 1 4 5 6 9 0 2 1 8 3 4 5 6 9 0 2 1 4 3 5 6 9 0 8 1 8 1 2 3 8 3 4 5 6 7 7 7 7 7 7 7 7 7 7 7 7 8 9

--> Hard 6:
92 0.003431
9 0 1 3 4 5 2 1 4 7 5 4 1 0 3 1 5 4 3 0 1 2 1 4 5 3 7 1 0 8 1 4 5 4 3 7 1 4 5 0 1 2 4 6 3 1 5 7 0 1 2 3 8 2 3 6 2 5 3 6 2 5 6 7 8 2 5 6 7 2 3 8 6 3 8 3 6 8 9 6 3 4 5 9 6 9 6 6 9 6 7 8 9 9 9 9 9 9 9 9

--> Hard 7:
42 0.00374
5 0 0 5 0 0 2 3 0 2 3 4 0 2 3 4 6 9 0 1 2 3 4 6 7 9 0 1 2 3 4 6 7 5 0 1 9 4 5 6 2 7 3 8 0 1 9 3 2 4 6 7 8 0 1 5 2 4 6 7 9 3 8 0 1 2 4 6 7 3 8 0 1 2 4 5 6 7 8 9 0 3 1 2 5 9 3 4 5 5 5 5 5 5 9 5 6 7 8 9

--> Hard 8:
109 0.003522
9 2 0 5 2 0 2 0 5 2 0 2 5 7 0 1 2 3 7 0 3 5 4 6 8 0 3 5 6 0 2 3 6 0 2 3 8 0 5 4 6 0 2 5 7 2 3 6 0 5 2 0 1 1 5 7 1 4 5 7 8 1 4 5 7 8 9 1 4 5 7 8 9 1 2 3 4 5 6 7 8 9 1 2 3 4 5 6 7 8 1 2 3 4 5 6 7 8 9 9

--> Hard 9:
428 0.005976
4 1 8 3 8 9 3 6 0 2 8 3 0 1 3 8 9 0 2 8 3 0 9 8 3 0 1 3 8 9 0 1 1 4 1 2 4 9 1 2 4 9 1 2 9 1 4 2 6 9 1 2 4 1 9 2 5 4 1 9 5 2 4 1 9 9 1 4 3 1 2 2 4 7 9 5 2 3 4 7 4 5 6 4 5 7 7 6 6 7 6 7 6 7 6 7 7 7 8 9

-----------------------------------------V5 Greedy-----------------------------------------
----------------------------------------AVG = 93.3----------------------------------------
--> Hard 1:
Penalty is: 64
8 1 7 1 7 1 9 1 7 9 5 4 1 7 6 9 5 4 1 7 8 6 9 0 5 4 1 7 8 6 9 3 5 0 4 1 7 8 9 6 3 4 5 1 0 2 7 8 9 6 3 4 5 1 0 2 7 8 6 9 3 4 5 1 0 7 8 9 2 6 3 4 5 1 0 7 8 2 6 9 3 4 5 1 0 7 8 6 9 2 3 4 5 0 1 7 8 6 9 2

--> Hard 2:
Penalty is: 29
7 1 1 1 9 2 1 8 6 9 5 1 2 8 6 9 5 1 2 0 8 9 6 1 2 5 4 9 0 6 8 1 2 5 4 9 0 6 8 1 2 5 4 9 6 8 0 1 7 2 5 9 4 6 8 0 1 7 2 5 9 6 4 8 0 3 1 7 2 5 9 6 4 8 0 3 1 7 2 5 9 4 6 0 8 1 3 7 2 5 9 4 6 0 8 1 3 7 2 5

--> Hard 3:
Penalty is: 34
0 3 8 3 8 3 8 3 8 3 8 7 5 3 8 7 5 1 3 8 4 5 7 1 3 8 4 5 7 2 1 3 0 8 5 4 7 1 2 3 0 8 4 5 7 1 2 3 0 8 5 4 7 9 1 3 2 0 6 8 5 7 4 9 1 0 3 2 6 8 5 7 4 9 1 0 3 2 6 8 5 4 7 9 1 3 0 2 6 8 5 4 7 9 1 3 0 2 6 8

--> Hard 4:
Penalty is: 75
0 6 6 6 6 6 6 6 6 6 9 4 6 9 2 6 4 6 2 9 4 8 1 6 2 9 4 8 6 2 5 9 4 1 8 6 2 5 4 9 1 8 6 2 5 4 9 0 3 1 8 6 2 5 4 9 0 3 1 8 6 7 2 5 4 0 9 3 1 8 6 2 7 5 4 0 9 3 1 8 6 2 7 5 4 0 9 3 1 8 6 2 7 5 4 0 9 3 1 8

--> Hard 5:
Penalty is: 297
1 6 5 6 5 6 5 7 6 5 7 1 6 5 4 1 6 0 7 5 4 6 0 1 7 5 4 6 0 1 3 8 7 5 4 6 0 1 3 8 7 5 4 9 6 0 1 3 8 7 5 4 2 9 6 0 1 3 7 8 5 4 2 9 6 0 1 3 7 8 5 4 2 9 6 0 1 7 3 8 5 4 2 9 6 0 1 7 3 8 5 4 2 9 6 0 1 7 3 8

--> Hard 6:
Penalty is: 10
9 3 1 6 3 9 5 6 1 3 9 4 6 5 9 1 3 4 2 6 9 5 3 1 4 2 6 9 3 1 5 4 7 6 9 2 3 8 1 5 4 0 9 7 6 2 3 1 8 5 4 9 6 2 7 3 1 8 5 0 4 9 6 2 3 1 7 8 5 0 4 9 6 2 3 7 1 8 5 0 4 9 2 6 3 1 7 8 5 0 4 9 2 6 3 1 7 8 5 0

--> Hard 7:
Penalty is: 29
5 0 0 5 0 5 2 3 0 5 4 2 3 0 5 4 9 6 2 3 0 5 4 1 6 3 2 7 9 0 5 4 1 6 3 7 0 2 9 5 8 4 1 3 6 2 0 9 5 7 8 4 1 3 6 2 0 7 9 5 8 4 1 3 6 2 7 0 9 5 8 4 1 3 6 2 0 7 9 5 8 4 1 3 6 2 0 7 9 5 8 4 1 3 6 2 7 0 9 5

--> Hard 8:
Penalty is: 121
9 5 2 5 0 2 5 0 2 5 0 5 2 7 5 0 2 3 5 7 0 2 1 6 5 3 0 2 7 4 8 1 5 3 0 6 2 7 4 8 1 5 0 3 6 2 7 4 8 1 5 0 3 6 2 7 4 8 1 9 5 0 3 6 2 7 4 8 1 9 5 0 3 6 2 7 4 8 1 9 5 0 3 6 2 7 4 8 1 9 5 0 3 6 2 7 4 8 1 9

--> Hard 9:
Penalty is: 208
4 1 9 1 9 1 4 1 2 9 9 1 2 4 7 1 9 4 2 3 9 1 7 4 2 8 3 9 1 6 7 4 2 8 3 9 1 4 6 7 2 0 8 3 1 9 4 6 7 2 0 8 3 1 5 9 4 6 7 2 0 8 3 1 5 9 4 6 7 2 0 8 3 1 5 9 4 6 7 2 0 8 3 1 5 9 4 6 7 2 0 8 3 1 5 9 4 6 7 2
