----------------------------------------V1 MH-----------------------------------------
-------------------------------------AVG =24.65---------------------------------------
Hard-> 1:
17 0.609548
4 7 1 9 1 4 7 5 6 1 9 1 9 1 7 5 6 8 9 3 4 0 4 7 1 5 6 1 9 3 4 0 8 2 7 5 6 2 9 3 8 0 8 2 7 5 6 1 9 3 9 1 8 6 5 7 2 4 0 4 3 9 8 6 5 7 5 0 4 7 3 9 8 6 2 4 2 8 0 8 3 9 1 6 5 7 1 0 4 0 8 6 5 7 1 7 9 1 7 1

Hard-> 2:
0 0.593364
7 1 5 9 1 9 1 8 0 9 2 1 7 0 8 2 1 9 0 4 1 8 6 9 2 4 6 0 8 5 9 1 8 2 3 4 5 7 1 5 6 1 8 2 3 4 6 0 7 5 9 1 8 2 4 3 2 8 5 6 9 1 8 0 4 3 2 6 7 6 5 7 0 9 1 2 6 7 6 5 4 0 9 1 2 8 6 5 4 0 9 2 8 6 5 1 9 2 5 1

Hard-> 3:
0 0.541007
3 8 0 7 3 8 5 7 7 3 8 0 7 5 8 3 9 3 8 3 9 5 8 1 2 1 8 0 4 5 6 1 2 1 9 3 8 0 4 5 6 4 2 1 9 3 8 0 4 5 6 7 3 8 9 3 1 0 7 6 5 4 0 3 8 2 1 3 7 6 5 4 0 8 4 2 1 7 5 4 0 3 8 2 1 7 5 4 2 8 3 8 7 5 7 3 1 2 8 3

Hard-> 4:
12 0.637902
6 1 6 0 6 4 3 4 5 4 8 0 6 0 6 4 5 8 9 6 1 2 6 3 4 5 8 9 6 1 2 6 3 4 6 7 8 9 6 1 2 6 9 4 6 7 8 9 6 1 2 0 9 8 7 5 4 3 6 2 1 6 9 2 7 5 4 3 6 2 1 8 9 8 5 4 3 9 2 1 6 9 8 5 2 0 2 1 9 8 4 5 2 9 4 6 0 6 0 6

Hard-> 5:
70 0.963657
0 1 0 1 5 6 4 0 5 7 6 3 8 6 5 6 1 5 1 9 6 4 3 1 4 8 7 9 5 2 4 5 0 4 7 0 7 8 9 6 2 4 5 3 3 8 7 6 8 2 6 1 8 7 5 4 3 7 0 6 2 1 5 7 0 6 5 1 0 4 2 9 8 9 5 6 9 5 1 6 8 6 5 4 3 1 0 6 7 5 4 1 0 6 7 3 1 3 7 7

Hard-> 6:
0 0.514484
9 3 1 6 3 5 9 1 4 6 2 3 5 9 1 4 6 2 3 5 7 8 9 0 1 4 6 2 3 5 7 8 9 0 1 4 6 2 3 5 7 8 9 0 1 4 6 2 3 5 7 8 9 6 4 1 0 9 8 7 5 3 2 6 4 1 0 9 8 7 5 3 2 6 4 1 0 9 8 7 5 3 2 6 4 1 9 5 3 2 6 4 1 9 5 3 6 1 9 3

Hard-> 7:
0 0.558457
5 0 5 6 2 3 0 4 5 2 3 6 9 0 1 4 5 7 2 5 6 9 0 1 4 5 7 8 2 0 3 9 0 1 4 5 7 8 2 5 6 9 0 1 4 5 7 8 2 3 6 9 8 7 5 4 1 0 9 6 3 2 8 7 5 4 1 0 9 6 3 2 8 7 5 4 1 0 9 6 3 2 7 5 4 1 0 9 6 3 2 3 4 0 3 3 5 0 2 0

Hard-> 8:
2 0.549511
2 0 5 9 2 1 2 0 7 0 5 3 1 2 4 7 6 8 0 8 3 5 0 2 6 5 1 5 0 7 3 9 2 4 7 6 8 9 2 1 5 3 2 3 7 6 8 9 5 1 3 5 0 8 6 7 4 0 5 3 4 2 9 0 7 6 2 4 5 3 1 8 9 8 6 7 4 2 1 5 1 8 0 7 6 4 2 4 5 1 0 7 3 5 0 2 5 0 2 5

Hard-> 9:
144 0.927786
9 2 1 0 2 4 1 5 4 7 3 1 3 6 3 7 4 8 9 1 2 4 1 3 1 4 8 9 1 2 4 1 9 2 7 4 8 9 1 9 6 0 7 3 7 4 8 9 6 2 4 8 9 5 7 4 2 6 5 6 0 1 9 8 9 2 7 0 5 6 3 1 2 9 8 4 7 0 6 3 1 9 8 7 4 2 6 3 1 3 7 5 4 1 0 2 9 1 2 9

Hard-> 10:
0 0.63629
5 8 4 0 4 8 4 1 9 1 5 7 4 6 3 0 3 2 8 5 1 3 0 3 2 8 5 2 9 1 4 0 3 2 8 5 6 8 4 0 7 0 1 4 7 5 6 8 1 3 2 9 1 0 5 8 2 8 0 7 2 3 2 6 8 4 0 1 0 7 1 2 3 1 9 2 5 0 3 0 5 8 2 8 0 3 1 5 2 1 0 3 1 2 1 9 2 1 9 1

Hard-> 11:
11 0.918146
5 3 5 3 2 5 8 0 5 7 4 5 0 1 0 6 7 5 3 5 0 1 2 8 7 4 5 3 2 1 0 8 3 5 3 5 8 3 2 1 7 6 8 7 4 5 0 9 1 2 6 7 8 3 5 7 9 0 8 4 2 1 0 9 5 4 2 3 8 4 2 1 9 5 7 9 0 8 4 2 1 9 5 1 2 6 7 8 9 7 5 9 0 8 7 2 5 3 5 4

Hard-> 12:
10 0.957856
2 5 6 3 0 9 7 5 2 8 3 4 1 2 0 5 2 7 3 8 5 6 4 7 2 3 8 1 6 8 5 0 9 1 4 1 8 1 5 4 5 7 9 1 0 2 8 1 3 4 5 6 8 9 7 1 1 8 6 5 4 3 7 2 6 4 1 6 0 5 7 1 9 8 1 2 7 9 8 5 4 3 1 8 9 0 1 5 4 3 8 2 0 5 8 1 3 8 1 2

Hard-> 13:
37 0.824637
5 6 1 2 7 9 4 3 1 2 8 6 9 4 2 7 9 0 6 1 2 8 2 4 9 7 9 0 6 1 2 8 5 4 3 7 8 3 1 0 6 5 3 8 2 7 9 6 5 4 3 5 6 9 7 9 8 6 5 6 5 1 0 9 7 2 8 3 4 3 4 3 4 9 7 5 6 8 2 1 0 1 0 9 7 2 8 3 4 5 6 1 9 7 2 4 5 6 5 0

Hard-> 14:
19 0.585259
2 8 4 1 2 7 3 2 1 2 7 3 6 4 1 4 7 1 2 1 3 4 9 0 4 7 5 1 2 5 6 3 9 0 4 8 2 1 2 7 5 6 0 9 3 7 3 1 2 8 5 6 3 7 3 9 0 4 6 5 9 2 1 3 7 5 9 0 6 4 8 2 1 3 7 5 9 0 6 4 8 2 1 7 3 6 3 2 1 7 4 8 2 1 7 3 6 1 2 1

Hard-> 15:
7 0.532415
0 5 2 5 9 5 0 8 6 2 1 0 5 0 1 0 6 8 2 5 9 3 0 8 3 4 6 8 2 5 8 1 9 8 3 4 6 7 2 5 0 5 0 8 3 4 6 7 2 5 8 3 9 6 4 7 1 8 1 9 5 2 7 6 4 7 1 8 1 9 5 2 7 6 4 7 1 0 3 9 5 2 7 6 9 1 9 3 8 5 2 6 1 0 3 9 5 2 5 9

Hard-> 16:
115 0.584195
8 7 5 7 8 5 9 5 5 9 6 7 3 2 4 6 4 3 1 9 5 9 1 4 7 3 7 8 0 1 9 8 2 8 7 4 7 6 4 0 1 9 6 3 1 4 7 8 0 3 6 2 8 9 6 4 2 3 5 2 3 1 9 6 4 7 3 2 8 0 4 0 8 7 4 6 3 2 8 9 1 4 7 4 6 3 2 8 5 9 5 6 9 5 9 6 9 6 7 9

Hard-> 17:
11 0.5573
4 2 4 0 5 3 2 0 4 5 8 6 4 0 1 3 5 7 8 9 3 2 0 1 4 5 7 8 9 3 2 0 1 4 5 3 6 8 9 3 2 0 1 4 5 7 6 8 9 3 4 9 8 2 7 5 0 1 0 2 3 9 8 7 6 4 7 1 0 5 3 9 8 7 5 4 1 0 2 3 9 8 7 5 4 1 0 2 3 5 8 2 0 2 3 3 2 0 5 0

Hard-> 18:
8 0.852168
7 9 2 1 7 5 4 5 1 2 0 8 0 4 3 9 6 1 7 5 1 8 9 7 3 4 0 6 5 7 0 8 9 2 3 4 6 3 2 1 0 8 9 7 3 4 6 1 2 5 0 8 9 0 4 3 7 9 8 0 0 2 1 6 4 3 7 9 8 7 5 7 1 6 4 3 6 9 8 7 5 2 0 6 4 3 7 9 8 0 2 1 6 4 3 6 9 2 0 7

Hard-> 19:
0 0.546455
3 2 3 9 4 2 4 8 9 1 2 3 7 5 3 2 8 9 4 2 1 0 9 4 2 6 8 9 1 2 0 5 9 4 7 6 8 9 1 2 0 7 3 4 5 6 8 0 1 6 3 7 0 9 6 2 3 8 5 3 2 1 0 7 0 7 8 6 7 3 2 1 0 8 6 5 0 9 3 4 2 1 0 8 2 4 5 7 3 2 1 9 8 4 7 4 9 0 2 6

Hard-> 20:
30 0.85606
6 1 5 6 5 1 3 2 9 1 8 6 1 3 0 3 3 3 5 2 8 0 9 2 3 2 0 9 1 5 8 6 3 3 1 7 0 8 0 5 6 4 0 9 2 3 0 9 1 5 1 9 0 7 1 3 7 2 8 6 5 0 7 1 3 9 0 8 5 0 9 1 5 3 2 3 6 7 6 5 1 7 3 2 3 0 7 1 9 3 2 4 5 4 2 9 1 8 1 6

-----------------------------------------V2 MH----------------------------------------- (temps irreal però aprox 2 segons)
----------------------------------------AVG = 21.25------------------------------------
Hard-> 1:
13 34.396
4 7 1 5 7 5 7 1 9 3 9 1 9 1 0 8 6 8 6 1 8 0 4 6 2 5 0 4 7 4 1 5 7 3 9 1 9 1 5 6 8 1 9 3 7 4 6 1 9 3 9 1 8 3 9 2 7 5 7 4 3 9 2 6 4 0 5 0 3 0 4 6 8 6 8 1 9 2 6 8 1 7 1 9 2 7 5 0 8 0 8 6 4 7 2 4 7 5 7 5
Hard-> 2:
0 0.411827
1 4 1 9 1 7 0 8 0 9 2 1 8 6 1 4 1 9 0 8 5 4 0 8 2 2 9 6 1 7 6 5 8 2 3 1 9 0 7 5 7 6 8 2 3 1 9 2 4 5 6 7 6 9 3 4 2 8 6 7 5 8 0 9 1 3 2 5 7 6 5 4 0 9 1 2 8 5 6 5 4 0 9 1 2 8 6 5 4 0 9 1 8 6 5 1 9 2 2 1

Hard-> 3:
0 0.265625
3 8 0 7 3 8 5 7 7 3 8 0 7 5 8 3 9 3 8 3 9 5 8 1 2 1 8 0 4 5 6 1 2 1 9 3 8 0 4 5 6 4 2 1 9 3 8 0 4 5 6 7 3 8 9 3 1 0 7 6 5 4 0 3 8 2 1 3 7 6 5 4 0 8 4 2 1 7 5 4 0 3 8 2 1 7 5 4 2 8 3 8 7 5 7 3 1 2 8 3

Hard-> 4:
8 27.1327
8 2 5 4 2 0 6 5 6 7 6 9 6 1 8 2 5 4 9 6 1 6 0 6 4 5 6 9 6 1 8 3 2 4 3 4 9 6 0 6 0 2 3 4 5 4 8 1 6 0 2 9 4 9 2 5 4 3 2 0 2 1 8 9 4 5 4 3 6 1 6 6 9 8 7 4 2 1 8 7 6 9 8 5 6 1 2 1 9 8 3 6 9 8 9 6 7 6 0 6

Hard-> 5:
66 24.5625
7 7 0 1 0 4 0 7 5 1 6 3 8 6 5 6 5 1 1 9 6 4 3 8 4 8 7 9 5 2 4 5 0 4 7 0 7 8 1 6 2 4 7 0 8 8 1 6 8 5 6 2 9 5 3 4 3 0 6 2 7 3 1 5 6 7 5 4 0 4 8 9 2 5 9 6 1 3 5 6 9 5 6 4 5 1 3 6 1 5 6 1 0 6 7 3 1 0 7 7

Hard-> 6:
0 0.39235
9 3 1 6 3 5 9 1 4 6 2 3 5 9 1 4 6 2 3 5 7 8 9 0 1 4 6 2 3 5 7 8 9 0 1 4 6 2 3 5 7 8 9 0 1 4 6 2 3 5 7 8 9 6 4 1 0 9 8 7 5 3 2 6 4 1 0 9 8 7 5 3 2 6 4 1 0 9 8 7 5 3 2 6 4 1 9 5 3 2 6 4 1 9 5 3 6 1 9 3

Hard-> 7:
0 0.265625
5 0 5 6 2 3 0 4 5 2 3 6 9 0 1 4 5 7 2 5 6 9 0 1 4 5 7 8 2 0 3 9 0 1 4 5 7 8 2 5 6 9 0 1 4 5 7 8 2 3 6 9 8 7 5 4 1 0 9 6 3 2 8 7 5 4 1 0 9 6 3 2 8 7 5 4 1 0 9 6 3 2 7 5 4 1 0 9 6 3 2 3 4 0 3 3 5 0 2 0

Hard-> 8:
0 54.1675
2 3 5 3 8 3 5 0 7 4 2 9 7 6 0 7 1 2 0 8 0 8 3 2 3 2 0 5 4 7 0 4 5 6 5 6 7 9 8 1 5 4 2 6 2 6 7 0 5 1 5 0 5 3 2 1 7 0 7 0 4 5 9 1 8 3 7 0 8 3 5 1 5 9 4 2 3 2 6 8 6 0 5 6 2 1 7 4 8 9 2 0 1 5 9 2 1 2 4 5

Hard-> 9:
141 46.8438
9 2 7 9 2 9 1 5 4 8 4 1 0 6 3 1 3 1 0 1 2 4 7 3 7 2 4 1 3 7 4 8 4 2 1 0 1 9 1 3 6 0 7 3 7 9 8 4 6 2 4 8 9 5 1 4 2 6 9 5 1 2 9 8 9 2 7 4 5 6 3 1 2 9 8 4 7 0 6 3 7 9 8 4 1 3 6 0 1 9 8 4 5 7 6 9 2 1 2 9

Hard-> 10:
0 0.403332
5 8 4 0 4 8 4 1 9 1 5 7 4 6 3 0 3 2 8 5 1 3 0 3 2 8 5 2 9 1 4 0 3 2 8 5 6 8 4 0 7 0 1 4 7 5 6 8 1 3 2 9 1 0 5 8 2 8 0 7 2 3 2 6 8 4 0 1 0 7 1 2 3 1 9 2 5 0 3 0 5 8 2 8 0 3 1 5 2 1 0 3 1 2 1 9 2 1 9 1

Hard-> 11:
4 44.2222
9 5 9 7 5 0 6 8 7 4 7 5 0 1 0 1 2 3 5 3 5 8 6 7 2 1 3 5 0 4 8 2 4 5 7 6 7 4 2 8 9 7 4 8 3 8 3 8 7 9 5 0 1 2 1 0 5 4 7 2 1 2 3 8 5 9 5 3 8 2 1 2 7 9 5 4 0 2 1 2 5 3 5 3 8 0 1 0 5 3 5 9 0 8 6 7 5 9 5 4

Hard-> 12:
6 16.4219
5 1 2 0 8 2 0 2 1 8 3 4 3 6 7 9 7 9 6 7 5 8 1 1 7 2 8 9 6 7 3 8 9 1 0 6 4 5 1 0 5 8 2 3 7 5 8 6 1 8 3 4 3 1 1 0 5 7 9 1 4 5 2 8 1 4 1 5 0 6 8 2 3 4 5 4 1 3 8 5 7 1 9 8 9 0 6 1 4 3 8 5 2 5 4 8 1 2 5 2

Hard->13:
28 29.9219
0 8 5 6 5 7 9 0 8 6 5 6 0 1 0 6 5 6 0 7 9 5 6 8 2 1 2 1 0 6 5 2 7 9 4 3 8 2 1 0 6 5 6 1 2 8 9 7 2 1 2 8 7 9 4 3 8 2 5 6 1 9 7 9 4 3 4 3 4 3 4 3 4 9 7 1 2 8 2 1 2 8 7 9 7 9 4 3 4 3 4 9 7 9 5 6 5 6 5 3

Hard-> 14:
12 38.0082
4 1 2 5 9 3 7 0 9 5 6 3 4 1 4 8 2 1 2 6 5 6 2 1 4 8 4 1 2 7 5 9 0 6 5 7 2 1 4 3 6 0 2 1 2 8 4 1 2 6 3 6 3 9 0 7 3 7 3 7 3 9 0 9 3 7 8 2 1 4 8 2 1 0 9 3 7 5 7 2 1 4 6 3 7 2 1 2 8 4 1 3 6 5 7 1 2 1 7 3

Hard-> 15:
1 10.3594
8 6 2 5 2 5 7 8 6 2 5 0 5 0 1 0 6 2 6 9 3 8 7 0 1 4 5 7 9 5 4 5 8 7 8 3 9 7 2 5 0 3 9 5 0 1 9 6 2 1 8 3 9 6 4 6 2 7 1 9 5 0 6 8 1 2 1 2 6 2 5 2 8 6 4 1 0 3 8 7 8 1 0 5 9 5 9 3 4 7 3 8 1 0 3 9 5 4 5 9

Hard-> 16:
107 38.3655
9 6 9 5 9 5 8 7 8 2 8 0 8 2 1 3 1 4 7 8 7 3 1 4 7 4 2 8 0 8 2 3 2 8 7 8 2 3 1 7 5 9 1 9 5 4 7 4 6 0 3 0 3 7 4 2 3 6 9 6 4 1 9 6 9 5 3 7 8 0 4 7 4 7 4 6 3 1 9 5 7 4 5 4 6 3 2 8 5 9 5 6 9 6 9 6 9 6 9 6

Hard-> 17:
11 0.53125
4 2 4 3 5 3 2 0 4 5 8 6 4 0 1 0 5 7 8 9 3 2 0 1 4 5 7 8 9 3 2 0 1 4 5 3 6 8 9 3 2 0 1 4 5 7 6 8 9 3 4 9 8 2 7 5 0 1 0 2 3 9 8 7 6 4 7 1 0 5 3 9 8 7 5 4 1 0 2 3 9 8 7 5 4 1 0 2 3 5 8 2 0 2 3 3 2 0 5 0

Hard-> 18:
3 35.9392
2 5 2 1 8 0 2 3 7 9 7 5 1 4 3 2 5 7 9 8 1 4 3 4 0 2 1 6 3 7 5 6 3 4 6 1 8 0 2 0 8 0 9 7 5 6 5 6 9 7 0 7 9 8 9 8 0 7 9 4 5 4 3 2 0 4 1 6 3 4 0 8 0 8 0 4 8 1 6 1 6 3 6 1 7 9 2 3 7 9 7 9 4 7 0 6 9 7 3 2

Hard-> 19:
0 0.53125
3 2 3 9 4 2 4 8 9 1 2 3 7 5 3 2 8 9 4 2 1 0 9 4 2 6 8 9 1 2 0 5 9 4 7 6 8 9 1 2 0 7 3 4 5 6 8 0 1 6 3 7 0 9 6 2 3 8 5 3 2 1 0 7 0 7 8 6 7 3 2 1 0 8 6 5 0 9 3 4 2 1 0 8 2 4 5 7 3 2 1 9 8 4 7 4 9 0 2 6

Hard-> 20:
25 8.51562
4 2 9 1 8 1 5 0 9 2 4 2 5 7 0 3 0 3 0 3 6 5 6 5 2 9 1 3 1 9 2 8 0 7 6 3 1 7 2 7 1 8 7 2 3 5 0 8 2 5 1 3 6 3 1 4 7 1 9 0 8 0 3 1 3 9 0 8 1 3 9 1 5 3 2 9 1 5 6 3 1 3 0 3 0 9 0 7 2 3 6 5 6 9 6 5 1 8 6 5

-----------------------------------------V3 MH----------------------------------------- 
----------------------------------------AVG = 20.85------------------------------------
Hard-> 1:
13 0.415703
5 7 1 9 1 9 1 3 9 1 6 4 7 5 6 8 3 9 1 7 5 6 1 8 0 4 0 8 6 5 7 4 7 1 9 3 9 1 6 8 0 4 0 5 7 2 9 3 6 8 6 4 7 5 7 1 9 2 9 3 0 8 6 5 7 1 9 2 0 4 6 8 0 3 7 4 6 5 7 1 9 2 9 3 4 1 8 2 5 7 4 1 8 2 5 0 4 7 1 8 
Hard-> 2:
0 0.367887
2 8 1 9 1 4 5 1 6 1 8 2 9 1 5 8 0 9 6 8 0 2 1 9 5 6 1 2 4 5 6 8 0 9 1 2 4 5 6 7 0 8 1 9 2 1 5 6 7 0 8 1 9 2 4 5 6 7 0 8 1 9 2 3 4 5 6 7 0 8 1 9 2 3 4 5 6 7 0 8 1 9 2 3 4 5 6 7 0 8 1 9 2 3 4 5 6 7 2 9 

Hard-> 3:
0 0.346409
6 8 3 7 8 3 8 2 1 3 8 7 3 8 3 7 5 8 3 7 5 8 0 4 1 3 5 7 8 0 1 2 8 3 5 4 0 1 3 7 5 8 0 4 1 2 7 3 5 8 2 1 0 3 4 5 6 7 0 8 9 1 2 4 3 5 6 7 0 8 9 1 2 4 3 5 6 7 0 8 9 1 2 4 3 5 6 7 0 8 9 1 2 4 3 5 3 4 8 9 

Hard-> 4:
7 3.82355
8 0 6 4 6 9 6 1 6 5 6 5 4 9 6 1 6 8 3 4 5 6 1 2 0 6 9 4 5 2 1 6 5 4 3 6 0 2 1 6 5 4 3 8 1 2 9 6 9 6 1 8 7 2 9 4 9 6 9 8 1 2 5 4 7 6 9 8 0 2 6 7 4 3 6 5 8 9 2 0 6 4 7 4 3 8 0 2 9 4 6 0 2 9 6 8 3 2 1 8 

Hard-> 5:
66 5.43657
7 7 0 1 0 4 0 7 3 8 0 6 6 5 1 9 8 0 6 5 2 6 1 3 9 5 2 7 4 8 6 3 5 1 6 5 4 1 3 5 6 5 4 7 2 0 3 8 2 7 4 5 8 4 7 8 6 8 0 1 6 5 6 3 1 9 7 6 5 4 6 8 7 9 1 4 5 1 1 9 5 6 6 5 5 2 7 9 1 6 3 4 0 4 3 7 0 1 0 7 

Hard-> 6:
0 0.17071
3 9 1 3 6 9 1 3 5 9 6 3 1 4 5 9 6 2 1 3 4 5 9 6 2 1 3 4 5 9 6 2 1 3 4 5 7 6 9 8 0 1 2 3 4 5 7 6 9 8 0 1 2 3 4 5 7 6 9 8 0 1 2 3 4 5 7 6 9 8 0 1 2 3 4 5 7 6 9 8 0 1 2 3 4 5 7 6 9 8 0 1 2 3 4 5 7 6 9 8 

Hard-> 7:
0 0.178613
0 5 0 5 0 3 3 5 0 2 5 0 3 6 2 4 2 4 9 1 3 5 0 5 0 6 7 2 6 4 9 5 0 1 2 3 4 7 5 9 0 1 2 3 4 5 6 7 8 9 0 1 2 3 4 5 6 7 8 9 0 1 2 3 4 5 6 7 8 9 0 1 2 3 4 5 6 7 8 9 0 1 2 3 4 5 6 7 8 9 0 1 2 3 4 5 6 7 8 9 

Hard-> 8:
0 0.192052
5 0 2 0 5 0 2 0 5 1 2 0 5 1 7 4 7 6 7 1 2 3 5 0 2 3 5 0 2 6 5 0 2 1 8 4 7 6 8 4 5 3 2 9 5 0 2 3 5 1 7 3 8 4 2 6 5 1 7 6 8 9 0 2 3 4 5 0 7 9 1 8 3 2 4 5 6 7 9 8 0 1 2 3 4 5 6 7 9 8 0 1 2 3 4 5 6 7 9 8 

Hard-> 9:
138 18.5268
9 2 1 2 9 8 4 8 4 2 7 3 1 9 6 5 4 0 7 3 1 3 6 9 7 0 7 9 5 6 2 4 1 4 7 0 1 3 6 0 7 3 1 9 5 6 2 4 8 9 8 4 8 4 8 9 2 6 5 9 8 9 5 6 3 7 4 2 1 0 7 4 1 3 6 3 7 8 4 1 2 9 1 2 9 1 3 7 4 2 1 4 1 0 1 2 9 1 2 9

Hard-> 10:
0 0.409862
9 0 3 1 4 0 1 2 0 1 2 8 0 1 2 3 0 8 1 2 3 0 5 8 6 3 1 2 0 5 8 0 1 2 3 1 4 8 0 5 2 3 0 4 8 5 0 3 1 2 9 0 5 8 6 4 1 3 2 4 7 5 1 8 0 9 2 3 1 4 7 5 2 9 1 8 6 3 2 1 7 5 0 8 4 7 5 1 9 2 3 6 8 4 7 5 2 8 1 9 

Hard-> 11:
4 3.96749
3 5 3 5 7 2 1 0 8 3 5 7 9 8 4 0 1 2 5 7 9 8 5 0 1 0 5 3 5 8 3 2 7 2 1 0 4 5 3 8 4 0 1 2 7 9 5 8 3 8 4 0 1 2 7 9 5 8 3 2 1 0 4 7 9 8 5 2 1 0 4 5 7 6 7 6 7 6 8 9 5 3 5 0 1 2 6 7 9 5 9 5 2 8 2 4 5 3 5 4

Hard-> 12:
4 18.8091
9 1 5 7 8 2 5 2 0 7 2 6 3 4 0 1 6 5 8 7 2 1 9 8 4 5 1 5 4 0 1 3 1 0 7 3 1 5 8 4 5 2 1 8 2 0 9 6 5 8 9 8 6 5 8 3 4 6 3 8 1 4 5 1 0 1 4 1 2 8 6 7 3 1 8 9 7 1 9 8 5 0 9 6 4 1 4 3 2 8 5 7 2 5 8 3 7 2 1 3 

Hard->13:
29 50.8971
0 5 6 5 4 9 7 9 4 3 4 5 2 8 3 7 9 4 5 6 5 6 0 1 3 4 9 6 5 6 0 1 2 7 9 7 2 1 0 6 5 4 3 5 6 9 7 2 8 3 8 2 1 2 7 9 7 8 2 1 2 8 3 4 9 7 9 7 9 7 9 8 2 1 4 3 8 2 1 0 6 5 6 1 2 1 3 8 6 5 6 0 9 4 3 4 5 6 8 0

Hard-> 14:
12 12.3279
2 1 2 6 3 2 1 4 7 3 2 1 2 8 2 3 6 1 4 8 4 1 2 8 2 1 4 6 1 4 8 2 1 2 3 7 1 4 1 6 3 9 3 6 0 7 0 7 5 7 0 9 3 1 2 7 5 9 5 6 0 7 3 7 5 9 3 4 1 2 8 2 8 2 1 4 6 0 9 3 7 5 7 5 9 3 6 5 7 4 1 6 3 7 3 9 0 4 1 2 

Hard-> 15:
0 0.335467
5 2 5 8 1 9 5 0 5 2 5 8 1 9 5 0 6 2 5 8 1 9 6 0 3 2 5 9 6 8 1 9 3 0 5 2 6 7 8 1 9 3 0 5 2 6 4 7 8 1 9 3 0 5 2 6 4 7 8 1 9 3 0 5 2 6 4 7 8 1 9 3 0 5 2 6 4 7 8 1 9 3 0 5 2 6 4 7 8 1 9 3 0 5 2 6 4 7 8 7 

Hard-> 16:
107 48.8779
8 0 8 2 8 2 8 0 6 9 6 9 6 9 1 9 1 3 1 9 1 7 3 6 9 5 8 5 7 4 0 8 7 4 0 4 7 3 2 4 7 4 7 4 2 8 7 1 9 6 9 1 3 2 8 0 4 7 4 6 3 6 4 6 9 5 6 9 5 9 1 3 7 4 7 3 5 4 5 3 6 3 7 4 2 3 2 8 7 8 5 9 5 9 5 8 2 6 9 6 

Hard-> 17:
11 0.373266
0 7 0 5 3 2 0 5 3 2 0 5 3 2 4 5 0 1 3 2 4 5 8 9 0 1 3 2 8 9 4 1 0 5 3 2 4 5 7 9 8 1 0 2 3 5 4 9 7 1 8 2 0 5 3 6 4 9 7 1 8 2 0 5 3 6 4 9 7 1 8 2 0 5 3 6 4 9 7 1 8 2 0 5 3 2 4 9 7 8 0 3 4 7 8 3 0 4 6 8

Hard-> 18:
1 0.660736
7 0 7 9 8 0 7 0 6 4 3 7 0 2 9 6 3 4 0 6 1 7 9 8 0 2 3 4 1 6 3 7 5 2 9 8 0 4 1 6 3 7 5 2 9 8 0 4 1 6 3 7 5 2 9 8 0 4 1 6 3 7 5 2 9 8 0 4 1 6 3 7 5 2 9 8 0 4 1 6 3 7 5 2 9 8 0 4 1 6 3 7 5 2 9 8 9 7 1 4

Hard-> 19:
0 0.385725
5 9 4 3 8 0 2 3 2 4 9 8 2 0 9 1 2 3 2 8 7 0 9 1 2 3 4 8 6 7 0 9 6 1 8 2 3 4 2 0 5 7 1 8 6 9 3 4 2 0 7 5 9 3 1 4 2 8 7 6 1 0 9 3 2 4 8 6 7 0 2 1 5 3 9 6 2 4 7 8 9 0 1 5 0 7 6 2 4 9 0 2 1 3 4 8 5 7 6 3 

Hard-> 20:
25 22.7414
9 6 5 6 9 2 5 1 5 9 1 3 8 0 3 3 1 7 1 3 7 2 7 1 5 1 9 2 3 6 3 1 9 0 4 0 5 1 3 0 8 2 3 0 8 1 9 0 5 1 7 0 9 6 4 3 2 5 1 3 6 3 2 7 0 5 2 3 2 7 1 7 6 9 1 8 6 5 0 5 2 3 0 3 0 3 8 6 3 1 4 0 9 1 8 5 2 9 8 6
